/*

map_Grid

[][][]
[][][]
[][][]

[a][b][c]
[d][e][f]
[g][h][i]

Form_T

[0][0][0]
[1][1][1]
[0][1][0]

Form_I

[0][1][0]
[0][1][0]
[0][1][0]

Form_L

[0][1][0]
[0][1][0]
[0][1][1]

Form_S

[0][0][0]
[0][1][1]
[1][1][0]

Form_Dot

[0][0][0]
[0][1][0]
[0][0][0]


Form_Square

[0][0][0]
[0][1][1]
[0][1][1]

Form_Double

[0][0][0]
[1][1][0]
[0][0][0]

*/


//Form_T
(0,0,0,1,1,1,0,1,0)


//Form_I
(0,1,0,0,1,0,0,1,0)


//Form_L
(0,1,0,0,1,0,0,1,1)


//Form_S
(0,0,0,0,1,1,1,1,0)


//Form_Dot
(0,0,0,0,1,0,0,0,0)

//Form_Square
(0,0,0,0,1,1,0,1,1)

//Form_Double
(0,0,0,1,1,0,0,0,0)




